ntu/S001C001P001R001A055_rgb/img1.jpg 764 282 910 769 0 0.926228 
ntu/S001C001P001R001A055_rgb/img1.jpg 990 283 1117 744 0 0.907284 
ntu/S001C001P001R001A055_rgb/img10.jpg 766 283 908 769 0 0.931428 
ntu/S001C001P001R001A055_rgb/img10.jpg 990 279 1114 741 0 0.900757 
ntu/S001C001P001R001A055_rgb/img11.jpg 765 283 909 769 0 0.929599 
ntu/S001C001P001R001A055_rgb/img11.jpg 991 277 1115 739 0 0.900545 
ntu/S001C001P001R001A055_rgb/img12.jpg 764 281 908 769 0 0.925011 
ntu/S001C001P001R001A055_rgb/img12.jpg 990 276 1113 739 0 0.892839 
ntu/S001C001P001R001A055_rgb/img13.jpg 765 282 908 768 0 0.92522 
ntu/S001C001P001R001A055_rgb/img13.jpg 989 275 1112 739 0 0.886752 
ntu/S001C001P001R001A055_rgb/img14.jpg 764 281 909 770 0 0.925656 
ntu/S001C001P001R001A055_rgb/img14.jpg 988 279 1112 742 0 0.890411 
ntu/S001C001P001R001A055_rgb/img15.jpg 764 281 908 771 0 0.927416 
ntu/S001C001P001R001A055_rgb/img15.jpg 986 280 1111 740 0 0.871894 
ntu/S001C001P001R001A055_rgb/img16.jpg 762 281 906 770 0 0.926214 
ntu/S001C001P001R001A055_rgb/img16.jpg 983 283 1109 743 0 0.844314 
ntu/S001C001P001R001A055_rgb/img17.jpg 762 282 905 772 0 0.925854 
ntu/S001C001P001R001A055_rgb/img17.jpg 976 288 1108 749 0 0.778803 
ntu/S001C001P001R001A055_rgb/img18.jpg 760 281 901 772 0 0.919093 
ntu/S001C001P001R001A055_rgb/img18.jpg 968 288 1113 745 0 0.655356 
ntu/S001C001P001R001A055_rgb/img19.jpg 760 283 899 772 0 0.928025 
ntu/S001C001P001R001A055_rgb/img2.jpg 765 281 910 769 0 0.927172 
ntu/S001C001P001R001A055_rgb/img2.jpg 989 283 1116 742 0 0.904847 
ntu/S001C001P001R001A055_rgb/img20.jpg 759 284 898 774 0 0.92852 
ntu/S001C001P001R001A055_rgb/img20.jpg 935 271 1111 738 0 0.50597 
ntu/S001C001P001R001A055_rgb/img21.jpg 761 285 899 774 0 0.929076 
ntu/S001C001P001R001A055_rgb/img21.jpg 923 268 1117 742 0 0.613871 
ntu/S001C001P001R001A055_rgb/img22.jpg 762 288 902 771 0 0.929559 
ntu/S001C001P001R001A055_rgb/img22.jpg 910 269 1120 747 0 0.745745 
ntu/S001C001P001R001A055_rgb/img23.jpg 766 288 907 769 0 0.92801 
ntu/S001C001P001R001A055_rgb/img23.jpg 889 274 1126 752 0 0.832101 
ntu/S001C001P001R001A055_rgb/img24.jpg 770 287 913 771 0 0.912033 
ntu/S001C001P001R001A055_rgb/img24.jpg 868 272 1123 762 0 0.87335 
ntu/S001C001P001R001A055_rgb/img25.jpg 852 272 1117 771 0 0.896834 
ntu/S001C001P001R001A055_rgb/img25.jpg 774 284 923 771 0 0.886379 
ntu/S001C001P001R001A055_rgb/img26.jpg 831 271 1104 777 0 0.920391 
ntu/S001C001P001R001A055_rgb/img26.jpg 781 281 938 769 0 0.835305 
ntu/S001C001P001R001A055_rgb/img27.jpg 822 276 1097 778 0 0.928689 
ntu/S001C001P001R001A055_rgb/img27.jpg 783 285 945 766 0 0.808208 
ntu/S001C001P001R001A055_rgb/img28.jpg 829 274 1090 772 0 0.923089 
ntu/S001C001P001R001A055_rgb/img28.jpg 783 289 948 764 0 0.84652 
ntu/S001C001P001R001A055_rgb/img29.jpg 821 272 1079 765 0 0.929983 
ntu/S001C001P001R001A055_rgb/img29.jpg 781 288 953 760 0 0.826911 
ntu/S001C001P001R001A055_rgb/img3.jpg 765 281 910 769 0 0.929643 
ntu/S001C001P001R001A055_rgb/img3.jpg 991 282 1117 742 0 0.908898 
ntu/S001C001P001R001A055_rgb/img30.jpg 820 270 1078 767 0 0.93569 
ntu/S001C001P001R001A055_rgb/img30.jpg 785 287 953 757 0 0.755589 
ntu/S001C001P001R001A055_rgb/img31.jpg 825 269 1072 767 0 0.915125 
ntu/S001C001P001R001A055_rgb/img31.jpg 785 286 948 756 0 0.801269 
ntu/S001C001P001R001A055_rgb/img32.jpg 831 270 1068 770 0 0.913405 
ntu/S001C001P001R001A055_rgb/img32.jpg 788 287 946 758 0 0.801582 
ntu/S001C001P001R001A055_rgb/img33.jpg 835 275 1061 771 0 0.903406 
ntu/S001C001P001R001A055_rgb/img33.jpg 781 292 948 766 0 0.857842 
ntu/S001C001P001R001A055_rgb/img34.jpg 828 275 1057 771 0 0.908888 
ntu/S001C001P001R001A055_rgb/img34.jpg 784 296 950 764 0 0.808891 
ntu/S001C001P001R001A055_rgb/img35.jpg 822 278 1055 770 0 0.904007 
ntu/S001C001P001R001A055_rgb/img36.jpg 830 280 1060 771 0 0.906639 
ntu/S001C001P001R001A055_rgb/img36.jpg 778 292 951 761 0 0.863186 
ntu/S001C001P001R001A055_rgb/img37.jpg 825 283 1065 772 0 0.91153 
ntu/S001C001P001R001A055_rgb/img37.jpg 781 290 952 762 0 0.805777 
ntu/S001C001P001R001A055_rgb/img38.jpg 819 281 1066 770 0 0.909307 
ntu/S001C001P001R001A055_rgb/img39.jpg 811 281 1075 770 0 0.927688 
ntu/S001C001P001R001A055_rgb/img4.jpg 764 281 910 768 0 0.929702 
ntu/S001C001P001R001A055_rgb/img4.jpg 990 283 1116 742 0 0.90607 
ntu/S001C001P001R001A055_rgb/img40.jpg 809 287 1076 771 0 0.926408 
ntu/S001C001P001R001A055_rgb/img41.jpg 811 290 1074 771 0 0.927079 
ntu/S001C001P001R001A055_rgb/img42.jpg 809 293 1069 770 0 0.92886 
ntu/S001C001P001R001A055_rgb/img43.jpg 812 291 1067 772 0 0.929421 
ntu/S001C001P001R001A055_rgb/img44.jpg 806 292 1067 772 0 0.925304 
ntu/S001C001P001R001A055_rgb/img45.jpg 806 293 1066 774 0 0.92413 
ntu/S001C001P001R001A055_rgb/img46.jpg 810 296 1064 774 0 0.92358 
ntu/S001C001P001R001A055_rgb/img47.jpg 809 296 1063 775 0 0.92755 
ntu/S001C001P001R001A055_rgb/img48.jpg 806 298 1063 773 0 0.929188 
ntu/S001C001P001R001A055_rgb/img49.jpg 805 298 1064 775 0 0.927145 
ntu/S001C001P001R001A055_rgb/img5.jpg 765 282 910 770 0 0.930688 
ntu/S001C001P001R001A055_rgb/img5.jpg 990 283 1116 741 0 0.907499 
ntu/S001C001P001R001A055_rgb/img50.jpg 805 298 1065 774 0 0.930682 
ntu/S001C001P001R001A055_rgb/img51.jpg 807 297 1063 775 0 0.931025 
ntu/S001C001P001R001A055_rgb/img52.jpg 811 299 1060 775 0 0.929669 
ntu/S001C001P001R001A055_rgb/img53.jpg 811 298 1061 776 0 0.928839 
ntu/S001C001P001R001A055_rgb/img54.jpg 812 298 1060 775 0 0.928097 
ntu/S001C001P001R001A055_rgb/img55.jpg 812 299 1059 775 0 0.928543 
ntu/S001C001P001R001A055_rgb/img56.jpg 809 299 1063 775 0 0.930941 
ntu/S001C001P001R001A055_rgb/img57.jpg 807 298 1063 776 0 0.93268 
ntu/S001C001P001R001A055_rgb/img58.jpg 809 299 1064 773 0 0.933901 
ntu/S001C001P001R001A055_rgb/img59.jpg 809 299 1063 773 0 0.934869 
ntu/S001C001P001R001A055_rgb/img6.jpg 765 282 909 769 0 0.928501 
ntu/S001C001P001R001A055_rgb/img6.jpg 989 282 1115 741 0 0.908816 
ntu/S001C001P001R001A055_rgb/img60.jpg 809 300 1064 775 0 0.935765 
ntu/S001C001P001R001A055_rgb/img61.jpg 814 300 1060 776 0 0.932012 
ntu/S001C001P001R001A055_rgb/img62.jpg 816 299 1058 775 0 0.933553 
ntu/S001C001P001R001A055_rgb/img63.jpg 814 298 1060 776 0 0.934795 
ntu/S001C001P001R001A055_rgb/img64.jpg 813 298 1062 774 0 0.936392 
ntu/S001C001P001R001A055_rgb/img65.jpg 811 299 1061 775 0 0.936413 
ntu/S001C001P001R001A055_rgb/img66.jpg 812 298 1065 775 0 0.937929 
ntu/S001C001P001R001A055_rgb/img67.jpg 816 298 1066 774 0 0.930539 
ntu/S001C001P001R001A055_rgb/img68.jpg 814 295 1061 775 0 0.926954 
ntu/S001C001P001R001A055_rgb/img69.jpg 813 296 1066 775 0 0.910908 
ntu/S001C001P001R001A055_rgb/img7.jpg 765 283 909 769 0 0.930119 
ntu/S001C001P001R001A055_rgb/img7.jpg 990 282 1115 742 0 0.90453 
ntu/S001C001P001R001A055_rgb/img70.jpg 806 294 1067 774 0 0.913803 
ntu/S001C001P001R001A055_rgb/img71.jpg 806 291 1068 774 0 0.92205 
ntu/S001C001P001R001A055_rgb/img72.jpg 815 290 1061 774 0 0.923487 
ntu/S001C001P001R001A055_rgb/img73.jpg 830 286 1061 775 0 0.931404 
ntu/S001C001P001R001A055_rgb/img73.jpg 779 300 956 766 0 0.79066 
ntu/S001C001P001R001A055_rgb/img74.jpg 831 285 1064 773 0 0.946804 
ntu/S001C001P001R001A055_rgb/img74.jpg 790 299 951 764 0 0.618161 
ntu/S001C001P001R001A055_rgb/img75.jpg 841 284 1063 772 0 0.945087 
ntu/S001C001P001R001A055_rgb/img75.jpg 791 294 950 767 0 0.710422 
ntu/S001C001P001R001A055_rgb/img76.jpg 863 285 1065 776 0 0.94418 
ntu/S001C001P001R001A055_rgb/img76.jpg 785 293 943 771 0 0.866981 
ntu/S001C001P001R001A055_rgb/img77.jpg 777 291 929 775 0 0.933868 
ntu/S001C001P001R001A055_rgb/img77.jpg 891 289 1076 779 0 0.930077 
ntu/S001C001P001R001A055_rgb/img78.jpg 883 289 1079 786 0 0.917555 
ntu/S001C001P001R001A055_rgb/img78.jpg 780 291 930 773 0 0.912733 
ntu/S001C001P001R001A055_rgb/img79.jpg 779 288 927 777 0 0.919251 
ntu/S001C001P001R001A055_rgb/img79.jpg 894 291 1084 784 0 0.905272 
ntu/S001C001P001R001A055_rgb/img8.jpg 765 283 908 770 0 0.929273 
ntu/S001C001P001R001A055_rgb/img8.jpg 989 282 1116 742 0 0.90311 
ntu/S001C001P001R001A055_rgb/img80.jpg 780 286 929 777 0 0.894983 
ntu/S001C001P001R001A055_rgb/img80.jpg 903 287 1084 780 0 0.885651 
ntu/S001C001P001R001A055_rgb/img81.jpg 781 298 929 782 0 0.90469 
ntu/S001C001P001R001A055_rgb/img81.jpg 902 287 1088 777 0 0.892017 
ntu/S001C001P001R001A055_rgb/img82.jpg 778 301 929 780 0 0.89098 
ntu/S001C001P001R001A055_rgb/img82.jpg 904 284 1100 771 0 0.88286 
ntu/S001C001P001R001A055_rgb/img83.jpg 775 301 926 778 0 0.906402 
ntu/S001C001P001R001A055_rgb/img83.jpg 913 289 1102 764 0 0.875338 
ntu/S001C001P001R001A055_rgb/img84.jpg 767 300 923 780 0 0.927098 
ntu/S001C001P001R001A055_rgb/img84.jpg 915 291 1104 760 0 0.853406 
ntu/S001C001P001R001A055_rgb/img85.jpg 765 292 920 782 0 0.942721 
ntu/S001C001P001R001A055_rgb/img85.jpg 916 286 1107 756 0 0.825964 
ntu/S001C001P001R001A055_rgb/img86.jpg 758 299 918 779 0 0.93607 
ntu/S001C001P001R001A055_rgb/img86.jpg 923 282 1114 751 0 0.784624 
ntu/S001C001P001R001A055_rgb/img87.jpg 756 291 915 775 0 0.925831 
ntu/S001C001P001R001A055_rgb/img87.jpg 928 283 1113 744 0 0.693044 
ntu/S001C001P001R001A055_rgb/img88.jpg 754 286 910 772 0 0.923459 
ntu/S001C001P001R001A055_rgb/img88.jpg 931 280 1111 741 0 0.609933 
ntu/S001C001P001R001A055_rgb/img89.jpg 754 289 904 771 0 0.93389 
ntu/S001C001P001R001A055_rgb/img89.jpg 939 278 1106 738 0 0.5013 
ntu/S001C001P001R001A055_rgb/img9.jpg 766 283 909 769 0 0.930807 
ntu/S001C001P001R001A055_rgb/img9.jpg 991 281 1116 742 0 0.907407 
ntu/S001C001P001R001A055_rgb/img90.jpg 750 283 895 767 0 0.932127 
ntu/S001C001P001R001A055_rgb/img91.jpg 749 284 890 772 0 0.940429 
ntu/S001C001P001R001A055_rgb/img91.jpg 980 298 1103 746 0 0.557816 
ntu/S001C001P001R001A055_rgb/img92.jpg 744 280 889 774 0 0.94226 
ntu/S001C001P001R001A055_rgb/img92.jpg 985 299 1104 745 0 0.685231 
ntu/S001C001P001R001A055_rgb/img93.jpg 739 282 886 776 0 0.957657 
ntu/S001C001P001R001A055_rgb/img93.jpg 986 292 1107 750 0 0.80571 
ntu/S001C001P001R001A055_rgb/img94.jpg 736 286 880 777 0 0.959823 
ntu/S001C001P001R001A055_rgb/img94.jpg 982 287 1112 748 0 0.826936 
ntu/S001C001P001R001A055_rgb/img95.jpg 737 287 880 778 0 0.961804 
ntu/S001C001P001R001A055_rgb/img95.jpg 981 288 1113 742 0 0.818224 
