ntu/S001C001P001R001A001_rgb/img1.jpg 971 277 1130 745 0 0.92672 
ntu/S001C001P001R001A001_rgb/img10.jpg 973 275 1127 746 0 0.916016 
ntu/S001C001P001R001A001_rgb/img100.jpg 962 274 1124 743 0 0.801228 
ntu/S001C001P001R001A001_rgb/img101.jpg 962 274 1125 743 0 0.796334 
ntu/S001C001P001R001A001_rgb/img102.jpg 962 274 1124 742 0 0.796715 
ntu/S001C001P001R001A001_rgb/img103.jpg 962 274 1125 741 0 0.793034 
ntu/S001C001P001R001A001_rgb/img11.jpg 972 276 1126 746 0 0.915987 
ntu/S001C001P001R001A001_rgb/img12.jpg 972 276 1127 745 0 0.915558 
ntu/S001C001P001R001A001_rgb/img13.jpg 972 277 1128 746 0 0.915258 
ntu/S001C001P001R001A001_rgb/img14.jpg 972 276 1127 745 0 0.917338 
ntu/S001C001P001R001A001_rgb/img15.jpg 972 276 1127 746 0 0.915185 
ntu/S001C001P001R001A001_rgb/img16.jpg 972 276 1127 745 0 0.916349 
ntu/S001C001P001R001A001_rgb/img17.jpg 972 276 1128 745 0 0.918854 
ntu/S001C001P001R001A001_rgb/img18.jpg 972 276 1128 746 0 0.920265 
ntu/S001C001P001R001A001_rgb/img19.jpg 972 276 1127 745 0 0.917171 
ntu/S001C001P001R001A001_rgb/img2.jpg 972 277 1129 745 0 0.924858 
ntu/S001C001P001R001A001_rgb/img20.jpg 973 276 1127 746 0 0.920483 
ntu/S001C001P001R001A001_rgb/img21.jpg 972 277 1127 746 0 0.919473 
ntu/S001C001P001R001A001_rgb/img22.jpg 971 277 1127 747 0 0.917848 
ntu/S001C001P001R001A001_rgb/img23.jpg 972 276 1128 746 0 0.918032 
ntu/S001C001P001R001A001_rgb/img24.jpg 970 276 1128 744 0 0.915568 
ntu/S001C001P001R001A001_rgb/img25.jpg 969 277 1128 744 0 0.913054 
ntu/S001C001P001R001A001_rgb/img26.jpg 967 277 1128 744 0 0.903376 
ntu/S001C001P001R001A001_rgb/img27.jpg 965 279 1127 742 0 0.892209 
ntu/S001C001P001R001A001_rgb/img28.jpg 964 280 1127 741 0 0.890435 
ntu/S001C001P001R001A001_rgb/img29.jpg 963 279 1125 740 0 0.866527 
ntu/S001C001P001R001A001_rgb/img3.jpg 972 277 1127 747 0 0.923105 
ntu/S001C001P001R001A001_rgb/img30.jpg 963 279 1124 742 0 0.85057 
ntu/S001C001P001R001A001_rgb/img31.jpg 963 280 1125 742 0 0.844299 
ntu/S001C001P001R001A001_rgb/img32.jpg 964 283 1125 741 0 0.837438 
ntu/S001C001P001R001A001_rgb/img33.jpg 964 285 1123 743 0 0.804536 
ntu/S001C001P001R001A001_rgb/img34.jpg 964 281 1122 743 0 0.775208 
ntu/S001C001P001R001A001_rgb/img35.jpg 965 278 1122 744 0 0.787207 
ntu/S001C001P001R001A001_rgb/img36.jpg 966 278 1121 745 0 0.780262 
ntu/S001C001P001R001A001_rgb/img37.jpg 968 278 1121 746 0 0.776276 
ntu/S001C001P001R001A001_rgb/img38.jpg 968 277 1121 746 0 0.766533 
ntu/S001C001P001R001A001_rgb/img39.jpg 969 276 1121 745 0 0.776214 
ntu/S001C001P001R001A001_rgb/img4.jpg 971 277 1127 746 0 0.921289 
ntu/S001C001P001R001A001_rgb/img40.jpg 969 277 1120 744 0 0.778474 
ntu/S001C001P001R001A001_rgb/img41.jpg 971 276 1119 747 0 0.771924 
ntu/S001C001P001R001A001_rgb/img42.jpg 969 276 1119 746 0 0.773096 
ntu/S001C001P001R001A001_rgb/img43.jpg 971 276 1119 745 0 0.784743 
ntu/S001C001P001R001A001_rgb/img44.jpg 970 277 1119 744 0 0.79007 
ntu/S001C001P001R001A001_rgb/img45.jpg 971 277 1120 745 0 0.782409 
ntu/S001C001P001R001A001_rgb/img46.jpg 971 277 1119 744 0 0.785727 
ntu/S001C001P001R001A001_rgb/img47.jpg 971 276 1120 744 0 0.77062 
ntu/S001C001P001R001A001_rgb/img48.jpg 970 277 1119 745 0 0.771946 
ntu/S001C001P001R001A001_rgb/img49.jpg 969 274 1119 744 0 0.751513 
ntu/S001C001P001R001A001_rgb/img5.jpg 971 277 1127 746 0 0.921409 
ntu/S001C001P001R001A001_rgb/img50.jpg 969 275 1120 744 0 0.76497 
ntu/S001C001P001R001A001_rgb/img51.jpg 969 273 1119 744 0 0.751248 
ntu/S001C001P001R001A001_rgb/img52.jpg 969 274 1118 745 0 0.745662 
ntu/S001C001P001R001A001_rgb/img53.jpg 969 275 1119 744 0 0.743523 
ntu/S001C001P001R001A001_rgb/img54.jpg 969 274 1119 743 0 0.755082 
ntu/S001C001P001R001A001_rgb/img55.jpg 968 274 1120 744 0 0.743281 
ntu/S001C001P001R001A001_rgb/img56.jpg 969 275 1119 744 0 0.751426 
ntu/S001C001P001R001A001_rgb/img57.jpg 969 275 1119 744 0 0.753778 
ntu/S001C001P001R001A001_rgb/img58.jpg 968 276 1121 744 0 0.763999 
ntu/S001C001P001R001A001_rgb/img59.jpg 969 277 1120 743 0 0.757834 
ntu/S001C001P001R001A001_rgb/img6.jpg 972 277 1127 745 0 0.919761 
ntu/S001C001P001R001A001_rgb/img60.jpg 967 275 1119 743 0 0.73107 
ntu/S001C001P001R001A001_rgb/img61.jpg 967 274 1121 743 0 0.758822 
ntu/S001C001P001R001A001_rgb/img62.jpg 967 274 1121 743 0 0.7617 
ntu/S001C001P001R001A001_rgb/img63.jpg 968 274 1120 744 0 0.747856 
ntu/S001C001P001R001A001_rgb/img64.jpg 967 274 1121 743 0 0.750965 
ntu/S001C001P001R001A001_rgb/img65.jpg 966 273 1121 745 0 0.753631 
ntu/S001C001P001R001A001_rgb/img66.jpg 966 272 1121 744 0 0.765098 
ntu/S001C001P001R001A001_rgb/img67.jpg 966 273 1122 744 0 0.773379 
ntu/S001C001P001R001A001_rgb/img68.jpg 966 274 1123 745 0 0.77763 
ntu/S001C001P001R001A001_rgb/img69.jpg 966 274 1122 745 0 0.773831 
ntu/S001C001P001R001A001_rgb/img7.jpg 972 278 1127 746 0 0.920777 
ntu/S001C001P001R001A001_rgb/img70.jpg 965 274 1121 745 0 0.777175 
ntu/S001C001P001R001A001_rgb/img71.jpg 966 273 1122 744 0 0.772932 
ntu/S001C001P001R001A001_rgb/img72.jpg 964 274 1122 745 0 0.785072 
ntu/S001C001P001R001A001_rgb/img73.jpg 964 272 1123 742 0 0.755014 
ntu/S001C001P001R001A001_rgb/img74.jpg 963 273 1123 743 0 0.767649 
ntu/S001C001P001R001A001_rgb/img75.jpg 963 273 1122 743 0 0.772625 
ntu/S001C001P001R001A001_rgb/img76.jpg 962 274 1123 744 0 0.781578 
ntu/S001C001P001R001A001_rgb/img77.jpg 963 274 1122 743 0 0.769322 
ntu/S001C001P001R001A001_rgb/img78.jpg 963 274 1124 743 0 0.780457 
ntu/S001C001P001R001A001_rgb/img79.jpg 963 273 1123 743 0 0.781866 
ntu/S001C001P001R001A001_rgb/img8.jpg 971 277 1126 745 0 0.917075 
ntu/S001C001P001R001A001_rgb/img80.jpg 963 273 1124 742 0 0.789355 
ntu/S001C001P001R001A001_rgb/img81.jpg 962 273 1124 742 0 0.781403 
ntu/S001C001P001R001A001_rgb/img82.jpg 962 273 1125 743 0 0.790772 
ntu/S001C001P001R001A001_rgb/img83.jpg 962 273 1125 743 0 0.780623 
ntu/S001C001P001R001A001_rgb/img84.jpg 961 273 1125 743 0 0.779218 
ntu/S001C001P001R001A001_rgb/img85.jpg 962 273 1124 743 0 0.794475 
ntu/S001C001P001R001A001_rgb/img86.jpg 961 274 1125 743 0 0.790882 
ntu/S001C001P001R001A001_rgb/img87.jpg 962 274 1126 744 0 0.792976 
ntu/S001C001P001R001A001_rgb/img88.jpg 961 274 1125 744 0 0.798498 
ntu/S001C001P001R001A001_rgb/img89.jpg 962 274 1125 743 0 0.794665 
ntu/S001C001P001R001A001_rgb/img9.jpg 972 277 1126 745 0 0.917083 
ntu/S001C001P001R001A001_rgb/img90.jpg 962 274 1125 744 0 0.791285 
ntu/S001C001P001R001A001_rgb/img91.jpg 962 273 1125 742 0 0.784706 
ntu/S001C001P001R001A001_rgb/img92.jpg 962 274 1125 743 0 0.801375 
ntu/S001C001P001R001A001_rgb/img93.jpg 962 273 1125 743 0 0.802393 
ntu/S001C001P001R001A001_rgb/img94.jpg 962 273 1125 743 0 0.792709 
ntu/S001C001P001R001A001_rgb/img95.jpg 962 273 1125 743 0 0.79157 
ntu/S001C001P001R001A001_rgb/img96.jpg 962 273 1125 743 0 0.801352 
ntu/S001C001P001R001A001_rgb/img97.jpg 962 275 1124 743 0 0.799994 
ntu/S001C001P001R001A001_rgb/img98.jpg 962 275 1124 743 0 0.796511 
ntu/S001C001P001R001A001_rgb/img99.jpg 963 275 1124 742 0 0.788683 
